3.994485184428884367e-02
4.629728260728873113e-01
6.470255830970073063e-01
1.286442540547869939e-01
1.640363881121402120e-02
3.340570583005498216e-03
9.196519097597765465e-15
5.867231291375136770e-01
1.447908513194773872e-01
2.464829578582425004e-03
5.436768693272446204e-03
1.545772422849085170e-01
5.005906157502656387e-04
2.539220975518398093e-01
8.710192885986503249e-06
6.143849921720590662e-02
1.600635512107299596e-01
6.518119063719702844e-01
2.559793337756836040e-01
3.218270437903142378e-02
1.120646447896274898e-02
4.297656782031360201e-02
6.195934572679800967e-01
5.651479086739122915e-01
1.003762456015009075e-01
1.910993635890251285e-01
1.028155662955453119e-03
3.047255832243360441e-02
2.860763509825315146e-02
1.695260611307404519e-01
2.443644901121391766e-02
2.076533528375276993e-01
5.264448205344989667e-02
1.549590031446946015e-01
8.209367866496129762e-02
3.555611544695066462e-01
5.197735202922722925e-02
9.621508265404130622e-01
3.852334757835197410e-01
9.954529608113976691e-02
1.826420824786385289e-01
9.355533685833657964e-01
2.327946474138399002e-01
1.159041216453229745e-01
1.545386643109962659e-06
6.073309562641863307e-02
4.432881300516474110e-01
7.336388482111617926e-02
6.309870371071854556e-02
6.336703488444050958e-01
8.154010767478838684e-01
5.202742952810787136e-01
6.108038122306188589e-01
9.113091351079379843e-01
7.745069264807209475e-01
9.935087749185166350e-01
5.955376253850873658e-01
5.589494457641805969e-01
8.829467697519356451e-01
9.109425627600188369e-01
9.602977281174222002e-01
8.720823012579289601e-01
3.448180984416472361e-01
9.896952633752283957e-01
9.334497221690624125e-01
9.717248258926025617e-01
9.443710833867423604e-01
7.611703665306198685e-01
7.964998730851954312e-01
9.395480357505576752e-01
9.950466411996721217e-01
6.885271149210969721e-01
9.056708702806516298e-01
8.683645710187211098e-01
9.459061869709058934e-01
9.363147147734257603e-01
9.902978802926402091e-01
9.240138592670269491e-01
9.890885789486175694e-01
6.009329880799783030e-01
3.050794873146381869e-01
9.944727672110719174e-01
8.992368278955962246e-01
9.861311219502463254e-01
8.985344037936791040e-01
9.643914072392405501e-01
9.681223026458979364e-01
9.111883468060690827e-01
9.336642000953275788e-01
8.658303984665292052e-01
5.924724869565747287e-01
8.204785520159825207e-01
7.887448864941039028e-01
8.217865197882875394e-01
9.193904891057314011e-01
9.402043790212377683e-01
9.634270184051235697e-01
9.234304987446059210e-01
9.452605061518031260e-01
8.259835891314802891e-01
