1.432335581982094319e-01
2.988099118944042036e-04
4.833854065400195246e-05
1.142233844302314977e-04
3.456109715104680943e-04
2.948830413066243911e-03
8.947146764529055303e-04
1.577924893886462330e-07
8.712021406007795657e-04
8.361515930242408427e-06
1.877724301606244911e-04
4.907923095301936715e-04
2.857251861338870342e-03
5.579842767046393204e-04
9.847281333934654782e-06
9.281570046906330307e-02
4.145081868838671423e-05
2.708905225745664340e-05
3.013435454246919231e-03
3.365293442897760823e-06
1.542961776572724640e-06
1.284302648346394337e-03
7.571444781581973494e-04
1.582779821827054803e-02
3.564494274960866350e-07
1.119186532851067866e-07
4.408212223559111086e-05
2.103651824518836672e-02
3.227182838923753290e-05
9.244215271986512272e-01
6.045416868862354964e-03
5.566616792245793335e-05
2.121304264712837232e-06
2.624648440301146252e-05
7.220367050008918118e-03
1.748710083332064664e-03
3.941417752355315385e-02
4.508803087388937314e-01
8.571531060369786065e-05
2.198536899700854371e-05
1.605586300459064088e-03
4.694702746105024855e-05
4.543114801104420078e-06
4.544211765288224542e-03
9.488772303812733732e-05
5.359033820614333456e-03
5.344450646542011450e-06
7.646026596567437016e-08
2.918629059444685235e-04
9.513769797904102488e-01
1.999685573999518667e-03
3.639407412427186211e-02
1.723378472617080921e-05
2.083583508166203958e-03
2.085676048402440239e-02
1.614978265646685970e-06
8.509421081743240300e-04
1.161430468734704234e-03
1.739529483074217855e-03
1.903893002626623455e-04
5.911261493555584976e-04
5.030136658275051540e-05
7.453491936461451584e-01
9.967121530233019611e-01
9.667375762277997664e-01
7.944673148871705948e-01
7.740285340683772386e-01
9.914453200322330684e-01
9.388654394932325342e-01
9.994208119152994119e-01
9.999402482447842244e-01
9.983703950083453460e-01
9.963446856977689059e-01
9.780255933619803610e-01
9.944948806243241179e-01
7.417917734347966308e-01
9.799776073011234878e-01
9.765552694422584556e-01
9.981314913205635575e-01
5.201171066866479009e-01
9.912167693442754945e-01
9.999430014391686994e-01
9.982330399308347868e-01
9.910241138831167307e-01
9.573624761950246809e-01
6.584158663622671215e-01
9.871926552510651431e-01
9.954859074178963319e-01
9.997695381634876810e-01
9.807199412881437706e-01
7.956270423009937920e-01
9.912575154476338524e-01
9.524812572610853456e-01
9.946811136671858122e-01
9.463335899539694340e-01
9.997579478884243143e-01
9.982776180374116626e-01
9.189396532212317226e-01
9.995995160690812620e-01
9.991979969929990490e-01
9.997955756957895845e-01
9.824399775908265742e-01
9.766049498474262958e-01
9.991080846945508132e-01
6.849172021887617312e-01
9.850324273813778619e-01
9.703666085682043363e-01
9.980846670459672110e-01
9.229226094375848621e-01
9.148702371223886853e-01
9.991917042351398104e-01
8.673794649609901652e-01
9.905231886699568111e-01
9.063557363100313014e-01
5.399740361684975953e-01
9.927366342984218495e-01
9.988931124424097474e-01
8.973503410818424175e-01
9.990424424882963228e-01
9.852718980785368785e-01
9.615427395441965563e-01
9.884543689723125359e-01
9.020145035871492967e-01
9.987272143675575142e-01
