6.073730489327706233e-02
9.244401644903213477e-03
8.330588696053750977e-03
1.355972623133663499e-02
1.383938195864926890e-02
2.893633608694894457e-02
1.601443682007868546e-02
1.055224163184596050e-03
2.471987837849773384e-02
5.397005025886619095e-03
1.057127283827534979e-02
1.136465936825297070e-02
1.410956409330835042e-02
1.432259545756833959e-02
4.721343244757956331e-03
8.408188994902204838e-02
4.221863531638456526e-03
8.434724253959389323e-03
2.060302615605397181e-02
3.037106420630894619e-03
3.191430821359136829e-03
2.697685874229336159e-02
1.602086496196401810e-02
2.141364526189081310e-02
1.668024228206783921e-03
2.023080643667301334e-03
6.957432424827611830e-03
4.637030523163158252e-02
4.103667303296970950e-03
1.051723848905458253e-01
1.774673745110594628e-02
3.962470536763160016e-03
1.750575530085048213e-03
4.682396279820344107e-03
3.929558887450929072e-02
1.459654606525167229e-02
3.941558427214840454e-02
5.289896617832963444e-02
5.520118078275806917e-03
5.675907783254167255e-03
1.455914886531775934e-02
6.291321173208733707e-03
2.660917842020599569e-03
2.148754090697309674e-02
1.361404479476216976e-02
2.193996313789298158e-02
3.952248001076722264e-03
1.433549176300475845e-03
1.017118842179610787e-02
1.943547944483133560e-01
1.299617104704248183e-02
2.468919099928948424e-02
6.171419336091103769e-03
2.404237771205174762e-02
1.461874202352918088e-02
1.923291231069590912e-03
1.494330834484489286e-02
1.166350750876002720e-02
2.024582883148778531e-02
1.184968438824386683e-02
6.597612343240389331e-03
4.817773637116663267e-03
1.107380921412404323e-01
2.180312758908633797e-01
1.331686285002061931e-01
1.081828674786450006e-01
1.029275886734682260e-01
1.336581793860025513e-01
1.246406603407612668e-01
2.519517695067342022e-01
3.720755639606175280e-01
2.059952341128913067e-01
1.982754617449519474e-01
1.553115148681433744e-01
2.089219157107659042e-01
1.011990477562770691e-01
1.536790272348950437e-01
1.293275975275149647e-01
1.703087027885964999e-01
7.154108035251212361e-02
1.578411244729490959e-01
3.795639991146076975e-01
2.080460433990780067e-01
1.726798320176815837e-01
1.087449380461133208e-01
9.569066982996395077e-02
1.218149529437106693e-01
1.854929246230580808e-01
2.744263587127319659e-01
1.652175310953671039e-01
1.096112590322469021e-01
1.607406917287399484e-01
1.274149348013924044e-01
1.723571493256203235e-01
1.375741185371258113e-01
2.419455398412080349e-01
1.999767661457201029e-01
1.091045140809644431e-01
1.951216787197986025e-01
2.302541605346703213e-01
2.895578338109567884e-01
1.600962886155471443e-01
1.452806394022411463e-01
2.270521069216975829e-01
7.830756006995284735e-02
1.473195641977752546e-01
1.534616792305930066e-01
2.029832159498421162e-01
1.226783859988652414e-01
9.655831048467668210e-02
2.242938349441340184e-01
8.891184940547698645e-02
1.870264915829295549e-01
9.996468723315049543e-02
7.816651694220855262e-02
2.096267823666417562e-01
2.606192639525167776e-01
1.231635024563555031e-01
2.153985118170244906e-01
1.578202185639518418e-01
1.397218257310226253e-01
1.425793946812840551e-01
1.154329918425809065e-01
1.890305715911376472e-01
