1.200635986581353471e+07
2.830304035794315860e+06
2.053213936094924435e+07
1.606325278938365402e+06
4.784929393929642974e+05
5.704208274981647730e+06
6.887809338740258245e+05
4.822514057882528869e+05
1.907783354629672132e+06
1.133045794807638740e+05
4.191733190942568704e+06
4.964330520519065321e+05
4.190066408317530528e+06
1.847737047122804215e+06
1.463324554155022779e+05
1.168041064899324439e+06
1.589828986110502621e+06
3.150426356449665036e+06
4.078087146436411422e+05
1.230871254593733029e+05
2.118074663505941629e+06
1.181722597225321661e+05
1.183542426314908080e+06
4.787888000518322922e+06
5.787190194991711760e+05
9.577052209503637627e+06
4.095402616862609866e+05
1.099225183729605051e+06
1.744305127907106420e+06
1.470513865348318825e+06
4.950060826873353217e+05
3.469182322553925216e+06
5.676085607322793454e+06
2.496867165611927211e+07
4.650479755225772969e+05
1.463115619304225780e+07
7.774314738882136298e+05
1.288722743127890164e+06
4.542048832999178558e+05
1.017600379318212718e+07
2.684865667254325468e+06
7.236545492221667431e+06
4.600044669163626968e+05
2.036625353383948968e+05
3.453169349618260749e+06
1.084974557045479678e+07
6.564002796766721644e+06
3.444318348011512426e+05
9.951180495631281519e+05
1.477675329311484937e+06
1.527827682298495900e+06
2.278696034281688044e+05
4.057160681177292485e+06
2.184715800959124172e+05
2.127614235225321259e+06
3.523239159964200226e+05
5.847000609113064595e+06
4.574771246864793822e+06
2.959983894560335670e+06
6.964949491099131992e+05
1.098539972573040985e+07
4.080169330841022544e+06
3.985756637418814935e+06
3.187594851489643916e+05
3.456886443323678104e+05
2.808170114088868257e+06
3.828586893303545075e+05
1.382965862868169881e+07
6.569291254360345192e+05
9.051315208932092646e+05
2.674966306962662493e+05
2.524896293293001945e+05
3.448134259250867181e+05
1.606853343218406662e+06
7.996603441748229088e+05
1.960281353394956095e+06
8.543324738918007351e+05
1.070526264618272334e+07
1.947607028858014848e+06
3.753992930986392777e+06
2.219730544999133330e+06
7.460248309918083251e+06
4.392554034590845928e+06
8.100288490380792879e+06
3.009878189146753866e+06
3.100639223093922483e+05
4.323717666326356702e+05
9.319400342227338115e+05
4.433447647572491551e+05
1.482462168948061066e+06
8.787830390320790466e+05
2.237344642067211214e+06
2.913535621781454887e+06
2.157154383393261814e+05
2.968445525298786815e+05
1.969396326465937600e+05
4.728163785493117757e+06
1.979565732916292036e+06
1.152511629931252915e+06
5.433317849175571464e+05
1.659575403858911246e+06
3.154770284493528306e+05
3.471050966272506630e+05
5.756034289905720390e+06
6.790654257287143730e+06
1.080147227183081210e+06
2.614995445802942384e+06
2.730269171023102012e+06
2.600841212137024559e+05
6.457314957453968236e+05
6.699164822684499435e+06
3.388156383955858182e+05
8.309816630402419716e+06
3.907637561578898691e+06
1.555622148523790762e+06
7.605438143496387638e+05
5.323400619115837617e+05
2.419664396314995363e+06
3.747549730434994213e+06
1.438822194639348658e+06
8.534001936831196770e+06
1.467963493594900938e+06
3.825150060120090377e+06
1.699372176830975513e+05
7.236382401787416311e+05
3.115648787390102632e+06
2.616330638263737783e+05
7.606354654563551769e+06
1.573735692190194735e+06
1.604086831514760386e+06
7.578903910030975239e+05
9.451245182334842160e+06
1.160380178330720216e+07
1.816363452823492407e+05
1.529723817537935684e+05
7.230299163085680921e+05
1.108067632314386405e+07
1.405346860581316578e+05
2.083765682018085790e+05
4.755801475342700724e+05
4.300476071555120870e+06
2.673721103302524891e+06
2.652323783180390019e+05
3.633443329894652124e+05
5.173569074890839867e+06
1.336852836437150254e+05
2.412221394623889355e+05
3.474183235528423917e+06
1.904804595019542612e+05
1.562849678151198314e+05
3.701203932499771472e+05
1.342462869220964785e+05
2.400026052451424766e+05
1.259666620484332321e+06
8.208585633024470881e+06
7.416403337293944787e+05
9.062564700363274664e+06
5.473134291745020077e+06
3.092389352869767696e+06
1.036033379866614752e+07
1.974340146320678759e+06
1.461168912672435306e+07
5.369110194302436896e+06
5.572966932536251843e+05
1.031267677369106095e+06
1.835838863063231111e+07
6.594718251763832814e+04
2.303041946330376435e+06
1.118690008169913199e+06
4.044920159481220413e+06
1.157006782370328438e+06
1.377186031597850611e+06
3.982038062277380377e+06
1.278281680553236511e+06
5.428620165414066054e+06
5.490404980103104375e+06
1.506933802845990099e+07
4.158093378310004482e+05
5.509526571084957104e+05
2.270224328672036063e+06
2.108605355737359729e+06
1.901740510199027194e+05
3.336989633305329364e+06
1.027456911077866447e+06
8.822637996799128130e+06
3.703161163740899065e+05
3.314151969726510718e+07
5.371018944309466751e+05
2.770204735770783946e+07
1.133109633898562985e+06
2.084402515735707944e+06
3.286655384783442132e+06
3.827917960422325996e+05
1.150556703397534089e+06
6.970798749931922648e+05
5.105744904333870509e+05
9.407808944130480289e+06
3.054503094439964625e+05
4.350040215240444988e+06
3.138476642134978320e+05
6.132160687701335410e+05
2.071599282355877012e+07
4.361987084254910238e+06
7.365215797891699185e+04
1.567036798062776402e+07
4.427426460511614569e+05
1.968922424911562726e+07
5.696881706581543200e+06
1.225554525452267379e+06
1.558764619359426200e+07
1.820642997844167752e+06
1.797319808423385024e+06
1.043858984797168407e+06
4.720754315084959962e+05
1.786920949961797451e+05
8.152152235036694910e+05
1.519420612753722630e+07
3.139693579391387291e+06
1.958115088694912556e+05
1.226328087824173039e+06
8.752371040179751813e+06
8.848089587130559608e+06
5.682088601086380659e+05
3.346976364877600572e+05
9.110441904186017811e+06
1.805401228083520546e+05
4.498325290145501494e+06
2.719517681303345016e+05
2.253182272743194364e+06
1.806372168859244091e+06
1.116081394194199238e+05
1.322193161897458776e+05
2.599853586011616047e+06
6.821317148527307436e+06
5.021790835337264463e+06
1.636381748134123161e+07
3.603004219262719853e+05
1.367848358777937712e+06
2.578903990373865527e+05
5.623116641280429903e+05
3.172306931209743489e+05
9.581757114082589978e+05
2.181107527021208778e+06
6.546801636278178776e+05
1.331378845317284204e+07
5.726307027573513798e+06
1.160327904172580317e+07
1.425568104826984054e+05
4.013853536220266833e+05
3.277602360707666725e+06
