1.128717852856198078e-01
-8.786025693907770773e-01
7.544993703392748330e-01
1.593738509299245099e-01
8.569827941427664575e-01
2.765178145561535406e-01
1.616036736974111598e-01
9.298183462775453378e-01
9.919610863879246843e-01
8.816572059576066600e-01
1.029915855922765022e+00
7.787664443968788514e-03
-6.772094280925706755e-01
4.887214401641184480e-01
-1.136473494727496814e-01
6.463822480701661988e-01
4.656894174173531464e-01
7.497799912087579344e-01
-6.528419016382329687e-01
-5.690773717799260112e-01
-2.316783387599024024e-01
-5.682710834104334197e-01
1.281419119115483340e-01
-8.325204969743325023e-01
-9.135833241343833677e-01
-9.108193393904695512e-01
-5.506163770333998286e-01
-5.867420294391507696e-01
-6.133110326867488027e-01
6.808697294494940877e-01
5.097513798250361550e-01
1.059286849160286481e+00
2.015630330420243865e-01
-9.476261440528332969e-02
3.748339123002111251e-01
9.206562367531132551e-01
1.002103904842783777e-01
7.495659541191008746e-01
-4.777620609778523431e-01
6.824872628438455324e-01
-5.201614280872988161e-01
-1.569012063319981110e-01
-2.180318199403492585e-01
-6.130301148406140932e-01
3.688637356453270399e-01
9.357476583853285845e-01
7.394897841500405189e-01
4.497553344918225893e-01
9.203059789571064186e-01
-7.320623763856648480e-01
8.690436292142054153e-01
6.779930309229504903e-01
-9.198633193483818360e-02
-8.598227030310250790e-03
3.110366279470103690e-01
2.677211110196462407e-01
4.473783888282017451e-01
-9.942566653101259089e-01
-5.183727207622705890e-01
1.024491887518129918e+00
1.037869635027118376e+00
-5.483813149373100160e-01
-8.969824662549283900e-01
-2.627921009856173384e-01
8.821609539010282219e-01
5.522054299023881896e-01
8.973083096947078729e-01
-5.584730907396535660e-01
5.350337836173224559e-01
6.607217891340648741e-01
-6.650366892143750874e-01
1.244561016157822997e-01
-8.909614677865516086e-01
9.358778323925664999e-01
7.063108031405285203e-01
5.430135285479220641e-01
2.853690108859754937e-01
-9.478587568491292359e-01
2.328278737470786952e-01
1.147216372604264456e-01
2.116375172029504315e-01
-7.167712665358934032e-01
-9.249301804983769415e-01
5.488539993026222419e-01
-1.932463936694279738e-01
-8.458850707341861730e-01
-2.586093840233623098e-01
7.563953826429905547e-01
9.123295701672207159e-01
-4.993063452183186257e-01
-7.953794783159953141e-01
-3.766062530224836280e-01
8.695184130838029546e-01
3.552748692153843979e-02
1.057574759859936764e+00
2.248451836602640697e-01
-8.763423434981731930e-02
-8.751001842056798097e-01
-9.845812143738271738e-01
6.841048570786242289e-01
-7.645767596788171083e-01
6.308163394192081719e-02
9.130504691892484814e-01
3.061040103096571152e-01
8.013395958833353649e-01
-9.791399262457369801e-01
-5.515919499003070214e-01
-2.704720596423655365e-01
7.546908664752223217e-01
-8.092745005814911963e-01
4.448485282656733375e-02
-8.880827438924114858e-01
4.949296084622849534e-01
6.769527155860619594e-01
-9.128144064469347896e-01
-8.964110229671193864e-01
4.041026092463795294e-01
1.149506285224717317e-01
4.039584051611200266e-03
5.127154094055121902e-01
-4.341715981879907815e-01
1.862092281686744677e-01
2.041879073351182683e-02
-3.285379467952473931e-01
3.055276777716144920e-01
-2.559600306316305307e-01
-4.197806381654611840e-01
5.987961187830350696e-01
-7.943543381172917250e-01
1.053776934988746472e+00
1.783133761898195724e-01
1.554559378537053727e-01
-3.283140269359847707e-01
2.052158582296677025e-01
4.491976060380561964e-02
1.462033375015400205e-01
-9.356877161636472096e-01
-8.247470137360792819e-01
9.102449628623467959e-01
1.026582861134312630e+00
-5.973163230591467254e-01
-9.747447408745744113e-01
7.157163812116824619e-01
8.576152467849418315e-01
-5.514188389498533294e-01
-7.207485272458455938e-01
2.680612294083666303e-01
-7.093745091027390259e-01
-7.591938601528216424e-01
4.082553006715201604e-01
-9.853975605033387097e-01
-7.739555654322742839e-01
4.831726780359195672e-01
5.290849021150343390e-01
9.313304355784910449e-01
-7.190956477009500247e-01
-6.269654025675421849e-01
4.851354575894235577e-01
4.659932890637819014e-01
2.730176336564960060e-01
9.538825963613817294e-02
-2.394386548586586727e-01
9.797815045336981665e-01
6.645270457861585101e-02
6.153249177642940992e-01
-9.317982510092468473e-01
-6.948467575915806549e-01
-3.008789422383273404e-01
9.425318768936084002e-01
-6.724345646839102741e-01
1.627475589277125323e-01
8.861893381959577987e-01
5.126162222079742037e-01
4.574917787588166362e-01
7.819842776826357866e-01
-7.106431986749583984e-01
-1.916562874377127912e-01
7.534745872533086253e-01
-1.344748840049430072e-01
-6.708886636250150914e-01
4.450276657862620860e-02
3.300845806269521177e-01
-6.354322552493778531e-01
7.562689265095275948e-01
2.546356265892733006e-01
-8.420310856711807901e-01
-9.555837796307606880e-01
4.196287920481740485e-01
-6.365406748779172119e-01
2.939017104531809754e-01
7.735346267756817440e-01
-9.718890132744104626e-01
3.302352775906314264e-02
8.225236740301760108e-01
6.862268197774299416e-01
3.015216248422207812e-01
1.364432649846208934e-01
-5.928198080723241503e-01
3.132801851385416114e-01
1.038496552847701038e+00
